808.414
724.027
683.994
680.975
840.098
783.391
698.567
717.344
672.353
746.958
781.398
757.048
811.89
746.398
660.227
771.552
711.505
750.045
632.934
651.593
774.53
731.602
769.77
608.027
789.601
823.748
683.32
735.367
792.943
662.998
652.727
677.853
698.157
719.694
612.686
680.855
762.355
764.244
675.613
676.357
688.751
755.684
757.599
666.714
821.378
668.068
802.772
695.144
740.188
707.249
838.773
716.802
706.408
659.036
749.229
627.72
663.164
729.029
705.012
618.688
754.059
678.83
654.861
749.096
742.47
772.214
674.021
764.203
785.302
743.007
663.222
889.196
826.889
806.673
790.815
784.08
714.215
827.06
723.662
776.527
714.766
653.798
841.679
686.691
720.218
895.756
763.623
738.937
724.968
749.327
866.906
743.022
695.041
721.125
666.02
673.036
791.532
715.688
756.244
631.165
761.6
877.259
815.656
770.6
748.724
848.047
694.119
802.021
745.289
637.005
780.629
884.68
810.007
806.132
769.729
823.714
630.041
891.667
669.635
788.821
835.661
830.134
802.477
770.143
761.634
715.181
658.663
767.855
795.784
742.446
770.47
751.959
775.681
839.679
693.748
708.874
658.356
792.017
671.954
825.466
621.376
715.838
620.364
725.035
691.826
735.647
824.803
544.655
741.752
575.903
616.498
540.851
802.68
760.957
703.836
748.564
731.718
790.13
681.993
719.342
703.904
730.42
697.385
696.345
619.441
692.035
644.65
756.089
697.108
633.682
714.717
733.772
722.871
717.168
738.725
612.421
708.597
732.669
615.911
778.157
728.045
705.557
684.812
861.077
864.863
777.003
765.987
784.787
683.572
676.169
683
675.06
768.808
788.296
729.658
739.353
751.559
758.919
744.869
768.765
719.282
655.65
664.929
646.245
706.884
729.52
657.99
774.185
618.403
767.459
739.676
780.937
766.941
822.225
827.387
901.11
762.505
793.553
825.265
834.547
799.172
756.542
799.776
743.18
738.187
820.347
705.209
686.585
854.863
702.547
668.045
792.641
716.586
770.854
711.333
770.042
619.255
682.707
708.16
799.862
803.973
828.508
688.35
822.284
721.078
874.638
725.835
800.776
778.333
727.334
697.191
719.024
568.913
677.716
719.724
808.781
674.618
718.141
663.203
707.247
812.674
726.693
824.792
908.065
681.817
686.444
668.331
755.365
628.098
729.136
724.339
745.711
641.884
753.644
707.039
745.304
624.551
810.632
775.217
715.77
893.081
958.726
708.04
712.249
808.793
742.892
747.409
766.074
767.04
697.902
771.048
790.343
760.443
694.33
720.905
710.157
857.036
717.839
738.94
731.382
670.301
689.416
696.233
796.726
786.555
856.734
786.63
864.411
883.06
674.024
656.782
847.107
681.682
718.548
800.65
663.14
609.87
834.72
704.457
922.545
626.061
873.927
740.513
789.452
736.6
814.947
773.2
880.902
697.49
739.154
765.982
704.766
764.639
712.69
713.375
743.699
616.714
743.696
682.297
642.539
606.705
679.332
754.341
741.023
696.055
826.442
736.308
620.795
680.57
841.175
803.952
717.619
773.231
713.817
801.273
842.73
915.358
779.299
777.888
888.549
800.65
777.655
838.421
816.365
866.653
804.989
800.645
733.138
781.349
879.162
804.866
896.944
850.798
755.517
943.435
838.632
738.643
778.201
837.635
849.602
846.617
773.479
847.112
637.779
674.331
809.895
693.1
692.695
698.033
703.486
690.385
799.621
784.627
647.336
885.603
750.848
619.225
827.569
719.626
610.657
672.609
759.789
832.481
707.37
628.244
832.071
727.543
828.657
760.18
797.405
847.247
807.016
730.355
867.666
760.846
760.656
808.998
853.248
880.835
689.383
687.992
781.494
806.357
678.32
713.43
802.418
819.456
762.091
763.769
637.773
735.742
653.023
668.643
758.503
797.036
709.675
841.462
792.223
826.578
868.838
840.643
819.697
800.319
909.761
850.074
836.272
824.523
796.286
809.931
837.999
656.035
781.707
789.542
756.051
864.046
795.005
741.34
709.681
967.183
698.488
728.087
776.786
742.484
728.059
725.682
729.853
722.051
768.978
709.048
875.058
778.685
793.022
762.041
859.115
907.344
694.053
735.214
843.762
795.867
790.472
689.978
796.239
710.299
740.107
770.223
729.384
602.698
656.9
726.569
805.332
721.175
694.575
745.118
814.37
733.963
872.366
705.975
789.704
820.923
896.679
760.867
817.725
771.976
808.362
749.438
629.35
726.157
663.837
768.804
891.579
718.983
901.63
826.887
851.789
855.675
870.899
802.278
709.691
807.733
840.715
696.041
677.301
840.467
801.429
641.854
765.784
763.232
718.778
772.524
759.909
888.525
827.529
670.284
835.553
791.119
764.616
804.198
751.813
685.819
859.974
745.759
